1941
1942
1972
1939
1962
1939
1967
1954
1993
1952
1946
1950
1957
1959
1977
1950
1951
1960
1926
1974
1975
1940
1968
1941
1980
1982
1964
1967
1979
1939
1948
1977
1974
1952
1962
1934
1969
1946
1944
1965
1959
1961
1954
1933
1915
1951
1971
1976
1975
1937
1916
1969
2001
1940
1953
1984
1930
1965
1970
1949
1940
1955
1975
1981
1958
1941
1982
1939
1972
1977
1991
1976
1962
1966
1951
1953
1971
1994
1998
1959
1994
1939
1925
1990
1967
1931
1973
1976
1976
1978
1969
1936
1960
1956
1927
1986
1997
1996
1933
1935
1935
1931
1957
1969
1970
1999
1927
1936
1964
1982
1951
1960
1990
1994
1971
1956
1989
1938
1982
1992
1967
1995
1942